$ANSIBLE_VAULT;1.1;AES256
30636264353130323265323266346662643961393034386537333461633561623237653938356363
3738336365393763326266316637306366653236343361330a393765653761336461303730663133
64656238663166356138363865653965653639643966356436373261343061313638356366616466
3939313034333166640a363964666430653962396431336130636233613062663361303139646164
36343561383237343365383561636264396330366264653234326138633136656530666437363666
62623937303866613964353963616230336263643637636339623330316164346666633439333536
66363064643165633539656234323333653664316634623865383435656638396536336633666434
36633237636532623535623165396234396131393234653531393335306138333661346339346366
63656530633766346436633038343939613464666232316465646234303364363361373162653863
64373138343038316630346262353936616437343537336331303665663364656466366530323465
33636335393336633633613035613337303133353062326662633563386334346639333637646266
62393131663266373432383362633336636138346236653161306538326237653333613663626538
65303234613361363661613333643161623134636662326639303238396230323338623638336639
34633839636332343438343836663863613963613834363631373737623131613161633465383430
65643439633731366365303065646637383664313164363535663933313430623338643662346230
62383435613664613535633938356331343631653261323464623565643666633165383738376331
33613164363730383661666466366464343130363738616461633133303836643831616338313734
66616435353833333261333030373764663530303162373030303166613432346231346262313264
62613331326237376430306561336131613132383236616333643665383863653662353838383236
62333833653663373336313335336264643436393330613936633161303536396365383930396535
35373661656164313730323964373936616531383664646435613565376264333037373236663833
34393937316330313536396239326163613235633962646536353032613338396462653538393563
39333930623734656631623665626462336134653061643331633639663134366435376664643837
30303766396463636138313035616565636664306664633435366230326532326238633730306437
32396265386231663335373430343164336132336363303838356564356664383536366431323631
34313935333632616632306664343364373961313330616634373163303165303231363839613631
61383130653139306337353533333032333066613564356561306561376565393961386437363733
32663231333562313239303163383730373266346361656630656138633735343765653531303236
35366564386138396233623838316337386562363732383735326439646635343231636633343837
35333038386162303430373866306636313535656331366464313338386561633163616233353262
61633631633837306464613163303430393534373838656439313465316239636530666134383036
65396265663136346164663035396634643365633235666462356630363330636666366335626664
38333632376262656338366333383463633865626466393163633737303730313734323230383962
30396364663763623561316139363866343436363166376663613038343939363834626438393637
37336439393039306564343334343162356561333461656632633038323334376334326531623439
61643038386132353337313139353330636332303036396632393132346430323733393165393038
37656465376639323439326664623530353833333463376562666538373037656130653765653863
33616562303165626363663763663563313632373166656633383333303764306337396138633163
32323834613561356337336436656462303737363065376230393430353063633365383363656631
35316131306563633738386633396336303464646662393735376339326362373134653466626135
63613065323463633363663664623364396530656131313264663831666338303738613061666238
39353430346436393766336537653436383536306165636566306266616133643938343736323338
35613835383935633337356534303332363833373564383938376632396531653737646137386166
37336363363436666537616239363134333164616136353037626535383333653330316534313834
39376466326337353930613965613536653063303433373435373264376636633966643432623235
30616138656535626666663861383033346162323334383931396364386365323238663663313233
64646164663365613336316564613666663635666639373961653764306661386339333663346137
63646537613963393765653333303837383038393032303739386331303563323861666165333166
35363134373936663336643736383065396237303664396663316263376531633831356236383732
65623733383364633763643065643566383761646264623035393337613266306166303933373237
38633131373331313165623066663664356631626562343539316465316661343334613733326664
34393334633131363463323366613061393766396666323965666462333962386162343165343931
39316634653835303637396561363436353165353337373035393137393031323566306137376434
65623166616439663732383462653662353334623533383036333937316232333435636534333264
31353734303562633862633934333138303738313939343835623337383534643464366331336638
37306539393734373462313939323333626366663438386264613731666162663865313530336533
65623432663331356461316632643563613233393534616135386664363763636162373138663861
65666433393332376665313132373966613137366534623536646530663838356432346232353730
38323266303030363231623732343631313131633736363330613763623562346337363435623932
61623063323837376665663462366231653335366531363663363033623164633933303537356138
31346165366138643966366132386232326638396530633438653362333962386637373432386264
66363730333634333134353262306633633666333338643765393034386531626464636161643732
62313534626434663435326561386339626537323830396638306638376363646563623664353638
39366130613037636636343235646332303933373630646233306630383032343934653431653632
65336665626238366530336230366631363230643234613261396438353630623834313163383238
65653030646664666462383636353863376237363865633737643536616365663563316435323564
66356562626261346330383331343962666537633730373232666133396564356236383661333037
33643834333534353862646531393862613361356665646666623334343038303032343636636434
61393239386136323138663262623239323765313239643661386463616131323861303735306630
35376437623033313734323934356665313663373933646330656437626364663666643139356539
62303337613736373266303630623231616334373834313932396638663933303661323830613265
66613137643535373337323965303662313331333137336535373636336363393964333432393233
35386235363636626262346563383263613464336162396334623733323862666236623539353865
65373661626136613165616332306263363263376132363363643762313034393764336131623465
65656465616132343465373734613062366366663733666437323130303233376634343865333036
30306439636666663638353563336433326436383565313434623933653330343630336530386263
34346538376138663731616337323966303635333834343432643531396136333932396431393637
38336266663431316662626664643334663365633063343431393135613238633631306165316662
38316461336637666539356531636539356362616430396436346633626362373230353965396631
32636166343836643566613535623837343235623762333438633634313131373534626137393531
64393566373033316566653036383339623938633762346134356437386232376366653566323034
61353731396238656461313163353433343430323238653734363565626665646133363439656662
64363261636164663131353061663134393238353034653830656339373530383665396637623531
36336665383938313733373036306539383335373466363632663036613966323836333438656636
30303439636162313730643939636133393036313733623461616661613936643032363437666332
62396363373935376337653761366338373831313938353864616139613539303864306636626362
61313435373539323361663465313936356636323138343338613764616263373336326638316166
38663330376165383263
