$ANSIBLE_VAULT;1.1;AES256
63626665333132313239373433313062333533613466303866613861633536353266393961366137
3163643432376436386339613162366532666266626661360a616666643038363361653166366666
66356433643732643836313535373933616137306530366236386365623437383961373731653236
6134326633623233640a663037613236613362613536366662383230333162386162616562373634
32636334666433366136653138666239653064636466353366343735346635613433306566383863
39643131613966656361386137626564616562333363306635376335366563643030646365323834
36633566343239333439343931356435656534623537653538333939386562366632663266663365
62386332663531633233616431613030623761383466653164333733396461376163623663653131
62383366666437366137383563356430326237373836376535643964623065636133623836303739
35343166333235336533633365333437323638656232383937333137343730626630343031343536
62656164333965366536363731333034396662343636333633353730313735623566323462373735
35316564663063323166646662623538633634616532633066613632333230306632633861363833
66333634656431373037393062323266343163656161373164626435333734343164653134633037
32336338316364336164646432363166383730336661383535613733396632393237316233653938
39383031356334356537333733663137313734626132623538366632646462613865316463323333
32353132393539373531303831343663363662383034356439356132396161653932343930303230
61656164623164646338633161373035353462613033333264636333306533633762633263633436
34383633326363643662386337663333613434666338326534616561343438626462313163646536
62303334336634356632666134633731376432353734306364396264306561373631303036616438
35643734633537613032346533626334373134306430653134313533643361326261383930656165
62383965343866306134346364646461333664643861656138663932333935396334336234346631
35386239333163323831356335386231666561643532633738623833646533623137313536303932
63623537363336616662303933333532613464346661663965336633623864646666356362396436
32303331393237633833653561666331616661353861663431376236616666646635346633336338
36613161636638653937633831343763303166333731353763313032393161366539333937643063
64313237643334303735616661303035636164653863626534633135663738346362343130343935
39313531626630356435616536383834633530383264613338336531633932636130306337616333
37306662393239633235386338663431333837613763653862646165306462366431346635646536
36336164316665313838633937383334396264623536666132353430363464656464353962366662
61343064616436356666653665386637366331396361356231616637643136663463336233323862
66393737633266393037646164663364306332636433386132313664613762343037376663373930
33383563353238393736616436356531653035363636313031306632333032656465373765633461
65613030333738333364346634313565393931326533383737356236666233326136376336636136
63373938323731633238303736336630313336363737393532366338303933353165633039623137
62376263663661646336666561646632636539343764346131623331393630636665396537393739
65376361633433663063396233363435373434613762656162396264373765306435653533626533
31633662653033323634386334633032346463393763643461343436376562633834653831303936
63386630333031316633393433616339373863343362663662646536323436656462666439393064
61366665646533666532363033613066393362326563373436343635616236633865326632626139
38636261666337653735346662663534613361626137343831643139386161346233306465383131
38366261356364343935386437383762626538303964373664353733326361623464636564306135
65303535393762303434356536613866363561343532396239616162663430373430333537656235
33633632333566346263326465336166316334306362656366363631643638633431346235636461
34376133323130303235306363376131646332326432613164336534373532363162386631393137
64643430656631323034366238643165646136646234333631666237303234656231393066313633
64336566613432313261646666396538383564366131343239306438303861353762663034383631
65363038313862306166663632303037623837663133323165666364326239323837646565626565
37613732346563323933656633373434366565383432326562393938656537333737383939666262
34333833623664666234633766333737393163386164383739656161376565303333393332366237
33623964623238313361616634616338363963386436626336316562633731613765353135346533
66313835613166393665646530643130313738363266623764343462633437343262313235336539
62363166323630303562633862316130343931646432643538363337333338663334383836326634
63666538383164333861613761626666353638346239336337343835353861346661613631353232
63663235653333356134306331353861633839626266653833636564633235353932383233653166
34633262616263316131323939326231333135633839626366336434323262376432313535323532
37363963636466363865343562316265373336633564393664656532316465393439366630353139
35303833333363363435366537376164666230656464656264373531326238653730326339363861
61303234353538363433383266663039383830616339346262636663616133663930636131373165
35646561326630623431326565373238393866336432663162306364633265356332663534633232
37306336316134346531396431316530646464326237616435353237636431313134616666626563
63626663343730383430636239363964626565366436393131396533393030333134653536613936
35613631613338616439633733383639393063353432373462303238356162356231613539656464
65336134383931643239356166626133353062326636326662353263373636356138356137656133
36363365386536663732373033323665616465323435353531316531393133396666383764383130
39623339356332373835373762396331363162346461633638623264393933613263353566333639
35346537333039306130323635323338353064343037623364373639353831313535623139616165
64313830393066393638346265323137633633653235616430656465333164623632316663323631
65353136666439313966653763663266396539626166636563393136376364656462333531363934
38336264653833613630386533303861663636326366663531376439613732313933656438353236
39356137653733323936336561386231613163613430346535623461366132373737393261326163
30383732383439633966313834363330393464333264643261633264666331353135323231656334
33383366626237366633353532363361653833616537663065386563363530663430386166623332
62333030353934633736313133306232336238336366333665326438626536663834313063353433
64653533636661383731396665656131386633353464333266636161643866656134613566356634
33326235646261323666633363623439633931383037323630356635656434323735643766386539
63633638313532386533353639663962383461393466313030633230373162633963313531666665
35366463383733633264313835623963326436653533646638366234343035316538353862663236
30616637626666633039326336396337613134653536643837363132366661303734383631303435
66613365326461636366626463356433303533333730633033396433656134313634396263363238
65333763306438646666656437383037326438303733626532643731653463616533353661643864
32386465646338626631636364653636306362396565616361396362383563616635663065303736
65623665363333303732333866303863363361633365383633363666363333666132626365633332
64653764316139666135623438666164353538386266666537306433393632646538376364333333
34316233663462393134316532633236626338623235373034353565643932623064353733333830
62323862383063643337336336643339633731663534316364663133393439646234316535306439
64343636383333383361323430646265343434653561373735303765363363363563636536333562
37643964393264653862343362636433633663313266333363626432396366643832623236343535
31373063343534306636663031396437336535306465333332626332393737396634383533363739
36333864393130343434383866343734336232323765666239633034313565656266373363346339
39326265643437636435376362333238633434363663316162633365646564656533393038316532
32396466656437326561373935333563386461396465626163343132313864343234313364373332
35353031663436623839643765623564303964616264356439643431616631336562616534313135
32386663643664623063616539623932343233383236646134643334393035316332313565313830
30323462373566316438623762356638303539353639323363616131323335613630363730363735
35323339653963633566356161386430313033303865353366363761323937616330613036323732
37616263333830326662
