$ANSIBLE_VAULT;1.1;AES256
35306564626532353331653837386163396139386363393937373262323661346231636230386432
6437623761633364636666393764663166383235323737360a616662376331623761623930386435
30613138333034396561343062613335393931623836653636386538333534376531643535643038
6639633563613234630a306664663331306433653736613730613832306266633533393963333533
62663935303735663863643961306166613033306163306565613339356465656336323164633064
62363966613363666637323537616165636439646330616132396231323764343233656166336330
31333134393139373062333334353965383336346338613733386663393063613632633332616232
32366265326635396136386639323430616431316366333436366432323063333964666634346561
61393363386330633561376530626437636264613165313836353464393063643738383366306262
36323836666364343065643361333461333362663063303031356233613864303064663362643461
33613165626661356261313931383564646566303365666539363231303965616463323733323735
39376365663261356165373832656330643533663432623037643936636637323638663039626638
33643935303564303733333533303130616538313634333163626566373337666666383137636534
38366439333336376231393039663231623666373866306630366338336464646434653661623463
34373663643739623431643764656563646363663434373036366531626437306632373536313330
30333066636562616566626638633762636432353934373864636139316665663139343735393566
38316139313230353465623161636661613664336132313831666562356639656435653266616337
61343739333861343136363732383539363134373839306133626436323961386566326266666133
64366332376134393565643761303366383332333261323135633961383937363864313335666366
66373438626666356534663631623337636665356331336561376364636239346532366263626165
61613036636433656438656130373132633936633537346230666665623337353163303766666138
36323261306137613934373862666538623633333230623435323265343533326166353838363235
32383961383339366535613637343830613333303533336335353031313466343765666362343336
64323961343530656331663539333630363638323336663361653138623133636231613737353236
63346463646566323961663064393461636639646638326562656361343364663863396535316633
39663361313539356463393136333135363333616330373531633033663964303931303466626466
38333338313137343631383861363030386334636336306530643661653561323832643435393936
33336633336264343164373061313161303964373130373638393361656338636166303061333262
30376432613464336636666139386238393865653433653736656635363462643435646434396664
36663164373061333334646130303732386264373335646338383235373833363632633265373231
31393361313763653839333566373930393635353236376638633532306665313466656435373133
61313864666237373635663332343830313632313765336232666130323239313932666139313430
34306664363437613333393531643034626464396262363861353930396661633533396665613735
33303830656239396464373239626539306136326432653062663834363130386662656562616138
38333835306133306637306664303636356539343035336233393036383436386466306536393862
38633438663966623237663735306261363633643538316635313931393337323133313932626466
35313032346331646238383266323939313730363535373966643737663935363836353835376664
30646236373133303962333366333332316366323830373361323336396536373632663764633737
34316134353332366237653638623332393438646162663166613063633035333232353465393261
36333839653334653232656637303238623735353838386261383733613366653363636635336233
33303662626536336366353437663362373161306639356537306239303738613737333335643037
31373766633566323536623531373365373632303563353837376534633062656563306466376631
64373865623366353435633938353566306565366330396263353138623934613439623463373065
38353733643239626364663763663638306266326164616264646666323730336161326361363236
39653530303464353936383564616166366363643039643032356566613238663334343436353432
30306230383062646265313963353237326165303630343731306230336563363535633463633138
63353035616439376439623336383364333436343366616539396535326430313536303163636334
65643135366436623361616537313061666631333165353261633639346432356665316461353066
65373664386338376637393032333463363366633936396430643565626437333963356431623535
34643536336466323338343639356232643433616530636538663931626137646638666663363063
33666638643332653266643231646636633366656665663138383936333433316163613733383330
36633264356530393033313136643032363966633431376532343065633164633861636535613432
35383563653065383364356461343239356665356239646531656633373166656434333434383531
64393961373236616434343063626630623966646534363430346665333766633331396238666662
64383736306338326265316430643832633035393461373430643161306135346361393432303834
36363361383635626661316139643464633238306532633237653838303238383639336163653332
62383965376135666163343536646661386562633339373838333939386535383964613436616366
34386332623339656237353233353634653864386539623763633666333561613432646464303837
66613561313166643730633363626535666430393932343066373761646633636466303232633662
64306231666235393963663837653839383436326436616436363964333834626163613262353061
66613966336337376639313539613265316565303463616363303331356132343632396365343432
36633266633433383336316234393832616164303961356262326266373234303735306637333738
36363239663931656232326566613461343062616464613831356533623366643039353462363433
30633139356232343636326334363737336436316565653866623461383835363037326364656561
64343665636132353263336530306633343230306335326638626364323037346132313562383839
30316637626137646432653039663030336431386236653032356138666633393530326331356233
37396239376162643635353233313236303139666430643838303739306639383236393335356533
39393861346665663834316266303965383930346665396134323734613264616462396131316234
33653830313761663762376535343630663966303365353335653966363833373064393661316265
36623564643762393764356164336363626434636461386234613564336436313435653730386564
35623365373235396163633862316532376264383261663030393165393230646438323532333635
32303663336535666436653235303236613535393032386535663237666637626230306333393239
33666637366339633661353933656237366337326562323732623136666566633564626661306430
61303832393731633537643139613561323736616331623335316535393331303234313737303162
63653136633665306536613937653764356136656238323936393033303865373666393765366163
37376537666132656461323638316636306564656338626561663763656661313162653163336331
62343632333165623065633531373465663430643661363663356363343439613931333236323436
61376466613339393138653937363738396431353162666431313563306639656535636361346565
62306138636631386538363838346531663133313361343837653965663437383638636663643438
38653062623563353363636464303462383962353561343635643161623031396337656333626566
35666561353136376564356439316133373630306361633666646237393430653139326566643133
36616530613138643130363561366331316665336165383931646366343466613232313331643963
33656164663565616161643633383731363132386636353134323535643762316237333064643934
32346163386666643135363362376533313562636234333363386465613932613763623135396238
39366234383534396430623931343663656466336337343462363937373061363735366366343764
39353061316338396466373162373032323632346637393633366138646632616435356362316265
61636365653436396162376434326634393664366165633237363934626437316266323138396461
30306639316533626430663239383763323362363330306465666630633737383435383366333661
38636363323731613136343166323234666139366337313531613730633933633239343532356231
62333739373363396435323631646631343532343439306238636564666166643338376262376534
31663965623339313937373336343037663931323163663762656530643537323533373364646665
64626162396135653166333066623830383131666636323665333530353161663466613732303138
39626138373931323537303139646665396332396132393563366430613138616161366365623134
64383132373239633939383434323866636564396239343137383734356564343735393563353464
64353131633765363664306333646132323733633332623465303637316339656361336166656663
30353666393332326432366435303562346162306133666530383162396335316637373661633265
6538
